array([[1.85094086e-01, 1.79045699e-01, 2.08534946e-01, 1.34375000e-01,
        7.09341398e-02, 1.11404570e-01, 1.61760753e-01, 4.20430108e-02,
        3.22580645e-03, 6.98588710e-02, 1.43158602e-01, 3.54905914e-02,
        1.62432796e-02, 6.45161290e-03, 3.22580645e-03, 8.72110215e-02,
        2.58198925e-02, 1.63440860e-02, 6.45161290e-03, 6.45161290e-03],
       [2.95302803e-01, 2.61053801e-01, 2.97215585e-01, 3.10406740e-01,
        2.62961035e-01, 2.37377049e-01, 2.79270952e-01, 1.85501758e-01,
        1.89677419e-02, 2.58883504e-01, 2.78072384e-01, 7.18153616e-02,
        4.32255819e-02, 2.52903226e-02, 1.89677419e-02, 2.34974023e-01,
        4.79074574e-02, 4.33638700e-02, 2.52903226e-02, 2.52903226e-02],
       [1.14738989e+01, 1.82450910e+01, 2.67911651e+01, 3.69960790e+01,
        5.25645952e+01, 9.71962690e+00, 1.84822237e+01, 3.21808689e+01,
        4.49702699e+01, 5.75119629e+01, 9.22152805e+00, 2.21208620e+01,
        3.46042912e+01, 4.55461130e+01, 5.83050339e+01, 9.81856775e+00,
        2.13271620e+01, 3.18181250e+01, 4.17110331e+01, 5.26318479e+01]])


1.85094086e-01, 1.79045699e-01, 2.08534946e-01, 1.34375000e-01, 7.09341398e-02, 
1.11404570e-01, 1.61760753e-01, 4.20430108e-02, 3.22580645e-03, 6.98588710e-02, 1.43158602e-01, 3.54905914e-02, 1.62432796e-02, 6.45161290e-03, 3.22580645e-03, 8.72110215e-02, 2.58198925e-02, 1.63440860e-02, 6.45161290e-03, 6.45161290e-03

0.185  0.179 0.209 0.134 0.0709 
0.111  0.162 0.042 0.00323 0.0699
0.143  0.0355 0.0162  0.00645 0.00323 
0.0872 0.0258  0.0163 0.00645  0.00645

0.295, 0.261, 0.297, 0.310, 0.263,
0.237, 0.279, 0.186, 0.0190, 0.256, 
0.278, 0.0718, 0.0432, 0.0253, 0.0190, 
0.235, 0.0479, 0.0434, 0.0253, 0.0253


 , .2237 , .8689 , .2699 , .9629 ,
        ,
        